# DESCRIPTION: Verilator output: Timestamp data for --skip-identical.  Delete at will.
C "-f obj_dir/Vaes_main__hierMkArgs.f"
S  16361568  1840450  1751625376   831313434  1751625376   831313434 "/usr/local/bin/verilator_bin"
S      6525  2135781  1751625376   939884545  1751625376   939884545 "/usr/local/share/verilator/include/verilated_std.sv"
S      2787  2135763  1751625376   939395827  1751625376   939395827 "/usr/local/share/verilator/include/verilated_std_waiver.vlt"
S      4923    35053  1751622659   500925614  1751622659   500925614 "aes_key_expand_128.v"
S       936    35054  1751622659   500940329  1751622659   500940329 "aes_main.v"
S       282    35055  1751622659   500954517  1751622659   500954517 "lastround.v"
S      2038    35056  1751622659   500967779  1751622659   500967779 "mixcolumn.v"
T      8461    49147  1751639903   383539274  1751639903   383539274 "obj_dir/Vaes_main.cpp"
T      7179    49146  1751639903   383467833  1751639903   383467833 "obj_dir/Vaes_main.h"
T      2042    49160  1751639903   386645726  1751639903   386645726 "obj_dir/Vaes_main.mk"
T      2112    49145  1751639903   383399702  1751639903   383399702 "obj_dir/Vaes_main__ConstPool_0.cpp"
T       684    49144  1751639903   383338095  1751639903   383338095 "obj_dir/Vaes_main__Dpi.cpp"
T      1291    49143  1751639903   383319823  1751639903   383319823 "obj_dir/Vaes_main__Dpi.h"
T     15371    49141  1751639903   383209462  1751639903   383209462 "obj_dir/Vaes_main__Syms.cpp"
T      5425    49142  1751639903   383290272  1751639903   383290272 "obj_dir/Vaes_main__Syms.h"
T     16012    49149  1751639903   383716586  1751639903   383716586 "obj_dir/Vaes_main___024root.h"
T    150005    49154  1751639903   385931573  1751639903   385931573 "obj_dir/Vaes_main___024root__DepSet_h2bfd6cbe__0.cpp"
T     66628    49152  1751639903   383931570  1751639903   383931570 "obj_dir/Vaes_main___024root__DepSet_h2bfd6cbe__0__Slow.cpp"
T      5948    49155  1751639903   386242547  1751639903   386242547 "obj_dir/Vaes_main___024root__DepSet_h6a7cb157__0.cpp"
T     39770    49153  1751639903   384789083  1751639903   384789083 "obj_dir/Vaes_main___024root__DepSet_h6a7cb157__0__Slow.cpp"
T       685    49151  1751639903   383777051  1751639903   383777051 "obj_dir/Vaes_main___024root__Slow.cpp"
T         0        0  1751639903   386645726  1751639903   386645726 "obj_dir/Vaes_main__hier.dir/Vaes_main__verFiles.dat"
S       280    49089  1751639903    53931033  1751639903    53931033 "obj_dir/Vaes_main__hierMkArgs.f"
T      1063    49161  1751639903   386645726  1751639903   386645726 "obj_dir/Vaes_main__hierVer.d"
T       798    49148  1751639903   383562866  1751639903   383562866 "obj_dir/Vaes_main__pch.h"
T      1932    49159  1751639903   386605130  1751639903   386605130 "obj_dir/Vaes_main_classes.mk"
T       722    49150  1751639903   383742874  1751639903   383742874 "obj_dir/Vaes_main_sbox.h"
T     31743    49158  1751639903   386561002  1751639903   386561002 "obj_dir/Vaes_main_sbox__DepSet_h2e790b8d__0.cpp"
T       576    49157  1751639903   386294967  1751639903   386294967 "obj_dir/Vaes_main_sbox__DepSet_h2e790b8d__0__Slow.cpp"
T       640    49156  1751639903   386272715  1751639903   386272715 "obj_dir/Vaes_main_sbox__Slow.cpp"
S      2937    49110  1751639903   171794025  1751639903   171794025 "obj_dir/Vround/round.sv"
S       343    35057  1751622659   500983562  1751622659   500983562 "round.v"
S     11549    35058  1751622659   500997322  1751622659   500997322 "sbox.v"
S       779    35059  1751622659   501014432  1751622659   501014432 "shiftrows.v"
S       883    35061  1751622659   501040837  1751622659   501040837 "subbytes.v"
