# DESCRIPTION: Verilator output: Timestamp data for --skip-identical.  Delete at will.
C "-f obj_dir/Vround__hierMkArgs.f"
S  12247416  1841423  1749977087   862610886  1735998188           0 "/usr/bin/verilator_bin"
S      5345  2137719  1749977087   943611637  1735998188           0 "/usr/share/verilator/include/verilated_std.sv"
S      2787  2137720  1749977087   944611646  1735998188           0 "/usr/share/verilator/include/verilated_std_waiver.vlt"
S      4923  6846906  1749977217    85909942  1749977217    85909942 "aes_key_expand_128.v"
S       936  6846907  1749976759   985571586  1749976759   985571586 "aes_main.v"
S       282  6846913  1749976759   987571604  1749976759   987571604 "lastround.v"
S      2038  6846923  1749976759   989651767  1749976759   989651767 "mixcolumn.v"
T      4386    28775  1751460374   960583625  1751460374   960583625 "obj_dir/Vround/Vround.cpp"
T      4417    28774  1751460374   960510073  1751460374   960510073 "obj_dir/Vround/Vround.h"
T      1754    28790  1751460374   962443952  1751460374   962443952 "obj_dir/Vround/Vround.mk"
T      2109    28773  1751460374   960448876  1751460374   960448876 "obj_dir/Vround/Vround__ConstPool_0.cpp"
T      4214    28771  1751460374   960332023  1751460374   960332023 "obj_dir/Vround/Vround__Syms.cpp"
T      2001    28772  1751460374   960382824  1751460374   960382824 "obj_dir/Vround/Vround__Syms.h"
T      7663    28777  1751460374   960705035  1751460374   960705035 "obj_dir/Vround/Vround___024root.h"
T     66314    28782  1751460374   962019572  1751460374   962019572 "obj_dir/Vround/Vround___024root__DepSet_h5cbc7c32__0.cpp"
T     56218    28780  1751460374   961251730  1751460374   961251730 "obj_dir/Vround/Vround___024root__DepSet_h5cbc7c32__0__Slow.cpp"
T      6140    28783  1751460374   962119159  1751460374   962119159 "obj_dir/Vround/Vround___024root__DepSet_ha7263f21__0.cpp"
T     18185    28781  1751460374   961441809  1751460374   961441809 "obj_dir/Vround/Vround___024root__DepSet_ha7263f21__0__Slow.cpp"
T       646    28779  1751460374   960759504  1751460374   960759504 "obj_dir/Vround/Vround___024root__Slow.cpp"
T       756    28776  1751460374   960603822  1751460374   960603822 "obj_dir/Vround/Vround__pch.h"
T      1081    28791  1751460374   962443952  1751460374   962443952 "obj_dir/Vround/Vround__ver.d"
T         0        0  1751460374   962443952  1751460374   962443952 "obj_dir/Vround/Vround__verFiles.dat"
T      1725    28789  1751460374   962405470  1751460374   962405470 "obj_dir/Vround/Vround_classes.mk"
T       692    28778  1751460374   960726076  1751460374   960726076 "obj_dir/Vround/Vround_sbox.h"
T      9703    28786  1751460374   962265598  1751460374   962265598 "obj_dir/Vround/Vround_sbox__DepSet_ha0258464__0.cpp"
T       611    28785  1751460374   962171276  1751460374   962171276 "obj_dir/Vround/Vround_sbox__DepSet_ha0258464__0__Slow.cpp"
T       601    28784  1751460374   962146489  1751460374   962146489 "obj_dir/Vround/Vround_sbox__Slow.cpp"
T      2454    28788  1751460374   962373165  1751460374   962373165 "obj_dir/Vround/round.cpp"
T      2542    28787  1751460374   962341495  1751460374   962341495 "obj_dir/Vround/round.sv"
S       278    28765  1751460374   843970670  1751460374   843970670 "obj_dir/Vround__hierMkArgs.f"
S       343  6846924  1749976759   989651767  1749976759   989651767 "round.v"
S     11549  6846925  1749976759   989651767  1749976759   989651767 "sbox.v"
S       779  6846926  1749976759   989651767  1749976759   989651767 "shiftrows.v"
S       883  6846928  1749976759   989651767  1749976759   989651767 "subbytes.v"
