# DESCRIPTION: Verilator output: Timestamp data for --skip-identical.  Delete at will.
C "-f obj_dir/Vaes_main__hierMkArgs.f"
S  12247416  1841423  1749977087   862610886  1735998188           0 "/usr/bin/verilator_bin"
S      5345  2137719  1749977087   943611637  1735998188           0 "/usr/share/verilator/include/verilated_std.sv"
S      2787  2137720  1749977087   944611646  1735998188           0 "/usr/share/verilator/include/verilated_std_waiver.vlt"
S      4923  6846906  1749977217    85909942  1749977217    85909942 "aes_key_expand_128.v"
S       936  6846907  1749976759   985571586  1749976759   985571586 "aes_main.v"
S       282  6846913  1749976759   987571604  1749976759   987571604 "lastround.v"
S      2038  6846923  1749976759   989651767  1749976759   989651767 "mixcolumn.v"
T      8461    28800  1751460375   194173216  1751460375   194173216 "obj_dir/Vaes_main.cpp"
T      7179    28799  1751460375   194094662  1751460375   194094662 "obj_dir/Vaes_main.h"
T      2036    28813  1751460375   197390791  1751460375   197390791 "obj_dir/Vaes_main.mk"
T      2112    28798  1751460375   194015951  1751460375   194015951 "obj_dir/Vaes_main__ConstPool_0.cpp"
T       684    28797  1751460375   193952530  1751460375   193952530 "obj_dir/Vaes_main__Dpi.cpp"
T      1291    28796  1751460375   193934266  1751460375   193934266 "obj_dir/Vaes_main__Dpi.h"
T     15371    28794  1751460375   193809654  1751460375   193809654 "obj_dir/Vaes_main__Syms.cpp"
T      5425    28795  1751460375   193900431  1751460375   193900431 "obj_dir/Vaes_main__Syms.h"
T     16012    28802  1751460375   194372575  1751460375   194372575 "obj_dir/Vaes_main___024root.h"
T    150684    28807  1751460375   196865035  1751460375   196865035 "obj_dir/Vaes_main___024root__DepSet_h2bfd6cbe__0.cpp"
T     66985    28805  1751460375   195091512  1751460375   195091512 "obj_dir/Vaes_main___024root__DepSet_h2bfd6cbe__0__Slow.cpp"
T      6320    28808  1751460375   196961233  1751460375   196961233 "obj_dir/Vaes_main___024root__DepSet_h6a7cb157__0.cpp"
T     41214    28806  1751460375   195458185  1751460375   195458185 "obj_dir/Vaes_main___024root__DepSet_h6a7cb157__0__Slow.cpp"
T       685    28804  1751460375   194434127  1751460375   194434127 "obj_dir/Vaes_main___024root__Slow.cpp"
T         0        0  1751460375   197390791  1751460375   197390791 "obj_dir/Vaes_main__hier.dir/Vaes_main__verFiles.dat"
S       288    28766  1751460374   845490349  1751460374   845490349 "obj_dir/Vaes_main__hierMkArgs.f"
T      1039    28814  1751460375   197390791  1751460375   197390791 "obj_dir/Vaes_main__hierVer.d"
T       798    28801  1751460375   194206804  1751460375   194206804 "obj_dir/Vaes_main__pch.h"
T      1830    28812  1751460375   197348134  1751460375   197348134 "obj_dir/Vaes_main_classes.mk"
T       722    28803  1751460375   194402418  1751460375   194402418 "obj_dir/Vaes_main_sbox.h"
T     34767    28811  1751460375   197305530  1751460375   197305530 "obj_dir/Vaes_main_sbox__DepSet_h2e790b8d__0.cpp"
T       630    28810  1751460375   197014832  1751460375   197014832 "obj_dir/Vaes_main_sbox__DepSet_h2e790b8d__0__Slow.cpp"
T       640    28809  1751460375   196990802  1751460375   196990802 "obj_dir/Vaes_main_sbox__Slow.cpp"
S      2542    28787  1751460374   962341495  1751460374   962341495 "obj_dir/Vround/round.sv"
S       343  6846924  1749976759   989651767  1749976759   989651767 "round.v"
S     11549  6846925  1749976759   989651767  1749976759   989651767 "sbox.v"
S       779  6846926  1749976759   989651767  1749976759   989651767 "shiftrows.v"
S       883  6846928  1749976759   989651767  1749976759   989651767 "subbytes.v"
